C:\Users\proro\Downloads\Сатана Печёт Блины - Простит утка.mp3
7,61621621621622
2,64383561643836
5,28064516129032
7,63414634146341
4,51442307692308
1,82911392405063
2,50566037735849
5,55160142348754
4,66410256410256
7,42021276595745
6,34134615384615
2,86585365853659
6,34020618556701
6,53846153846154
5,94144144144144
4,57635467980296
2,1060433295325
0,861848124428179
2,10294117647059
3,96658097686375
8,89903846153846
8,39449541284404
3,69336384439359
9,54255319148936
8,88461538461539
1,4494909945184
0,966101694915254
1,29748603351955
1,17614804660727
3,10738255033557
2,25115562403698
1,52647657841141
1,44477317554241
1,21485623003195
1,29590163934426
0
0
0
0
0
0
0
0
0
0
0
0
0
0
0
0
0
0
0
0
0
0
0
0
0
0
0
0
0
0
0
0
0
0
0
0
0
0
0
0
0
0
0
0
0
0
0
0
0
0
0
0
0
0
0
0
0
0
0
0
0
0
0
0
0
0
0
0
0
0
0
0
0
0
0
0
0
0
0
0
0
0
0
0
0
0
0
0
0
0
0
0
0
0
0
0
0
0
0
0
0
0
0
0
0
0
0
0
0
0
0
0
0
0
0
C:\Users\proro\Downloads\magic-sword-in-the-face-of-evil.mp3
1,3854748603352
1,30434782608696
1,58574879227053
1,4963768115942
1,07065217391304
1,31160896130346
1,39891304347826
1,34782608695652
1,33494558645707
1,58192771084337
1,31125226860254
1,66626360338573
1,39891304347826
1,33478260869565
1,29750271444083
1,19869706840391
1,39653304442037
1,42717391304348
1,34527687296417
1,16195652173913
1,25
1,1219512195122
1,4
1,34636264929425
1,39929742388759
1,44323671497585
1,18655097613883
1,34782608695652
1,53794642857143
1,45200486026731
1,33494558645707
1,42562432138979
1,39891304347826
1,61960784313725
1,43975903614458
1,32908458864426
1,12282608695652
0
0
0
0
0
0
0
0
0
0
0
0
0
0
0
0
0
0
0
0
0
0
0
0
0
0
0
0
0
0
0
0
0
0
0
0
0
0
0
0
0
0
0
0
0
0
0
0
0
0
0
0
0
0
0
0
0
0
0
0
0
0
0
0
0
0
0
0
0
0
0
0
0
0
0
0
0
0
0
0
0
0
0
0
0
0
0
0
0
0
0
0
0
0
0
0
0
0
0
0
0
0
0
0
0
0
0
0
0
0
0
0
0
C:\Users\proro\Downloads\royal-deluxe-bad.mp3
2,98761609907121
1,8659793814433
2,27814569536424
3,64628820960699
1,15925925925926
6,15420560747664
2,71936758893281
4,03496503496504
3,51931330472103
1,24444444444444
3,61623616236162
2,3359173126615
1,0018691588785
3,67231638418079
2,075
1,32083333333333
5,63318777292576
2,55393586005831
1,34299516908213
4,15476190476191
1,1412213740458
3,5
1,51961722488038
2,75376884422111
1,33970276008493
1,37235228539576
6,11111111111111
1,09633507853403
1,12522522522523
1,03460514640639
3,31733333333333
3,24431818181818
1,21287553648069
0
0
0
0
0
0
0
0
0
0
0
0
0
0
0
0
0
0
0
0
0
0
0
0
0
0
0
0
0
0
0
0
0
0
0
0
0
0
0
0
0
0
0
0
0
0
0
0
0
0
0
0
0
0
0
0
0
0
0
0
0
0
0
0
0
0
0
0
0
0
0
0
0
0
0
0
0
0
0
0
0
0
0
0
0
0
0
0
0
0
0
0
0
0
0
0
0
0
0
0
0
0
0
0
0
0
0
0
0
0
0
0
0
0
0
0
0
0
C:\Users\proro\Downloads\Imagine Dragons, JID, Arcane, League Of Legends - Enemy.mp3
11,3622047244094
2,57364341085271
1,62584118438762
1,07142857142857
1,37984496124031
1,60813704496788
1,65344467640919
1,04144144144144
6,86382978723404
1,61065197428834
1,37683823529412
2,03699136868064
1,43371522094926
2,05980066445183
1,73107049608355
1,02091254752852
1,78045515394913
3,17463235294118
1,382096069869
1,18004587155963
10,2944785276074
1,11630558722919
1,96248534583822
1,16591928251121
1,40276179516686
2,99621928166352
1,67526377491208
1,3294881038212
0
0
0
0
0
0
0
0
0
0
0
0
0
0
0
0
0
0
0
0
0
0
0
0
0
0
0
0
0
0
0
0
0
0
0
0
0
0
0
0
0
0
0
0
0
0
0
0
0
0
0
0
0
0
0
0
0
0
0
0
0
0
0
0
0
0
0
0
0
0
0
0
0
0
0
0
0
0
0
0
0
0
0
0
0
0
0
0
0
0
0
0
0
0
0
0
0
0
0
0
0
0
0
0
0
0
0
0
0
0
0
0
0
0
0
0
0
0
0
0
0
0
C:\Users\proro\Downloads\Imagine Dragons - Believer.mp3
1,17292225201072
1,69607843137255
2,44
1,09509202453988
3,26720647773279
1,09133858267717
3,03088803088803
2,76190476190476
1,71475953565506
1,13822284908322
4,31174089068826
2,61460446247465
4,90566037735849
0,76566757493188
2,23926380368098
5,73065015479876
1,0015503875969
1,07416267942584
1,35962680237489
2,79571663920923
1,20913107511046
1,51884422110553
1,68350515463918
1,28472906403941
1,43863912515188
1,43410852713178
1,35803571428571
1,30224525043178
2,31047619047619
1,23667205169628
1,17476555839727
4,09649122807018
1,21895124195032
0
0
0
0
0
0
0
0
0
0
0
0
0
0
0
0
0
0
0
0
0
0
0
0
0
0
0
0
0
0
0
0
0
0
0
0
0
0
0
0
0
0
0
0
0
0
0
0
0
0
0
0
0
0
0
0
0
0
0
0
0
0
0
0
0
0
0
0
0
0
0
0
0
0
0
0
0
0
0
0
0
0
0
0
0
0
0
0
0
0
0
0
0
0
0
0
0
0
0
0
0
0
0
0
0
0
0
0
0
0
0
0
0
0
0
0
0
C:\Users\proro\Downloads\Imagine Dragons, JID, Arcane, League Of Legends - Enemy.mp3
11,9606299212598
0,436268068331143
1,73249299719888
1,56851851851852
1,7399577167019
1,96649484536082
3,37021276595745
0,602803738317757
1,40533088235294
1,6897880539499
1,96373056994819
1,87301587301587
1,67639593908629
1,58707124010554
1,29365853658537
4,67870036101083
1,44251626898048
2,10435779816514
1,58426966292135
1,59174311926605
1,68087557603687
1,11987704918033
2,40085592011412
4,62783171521036
1,42907385697538
1,15356885364095
1,66704675028506
0
0
0
0
0
0
0
0
0
0
0
0
0
0
0
0
0
0
0
0
0
0
0
0
0
0
0
0
0
0
0
0
0
0
0
0
0
0
0
0
0
0
0
0
0
0
0
0
0
0
0
0
0
0
0
0
0
0
0
0
0
0
0
0
0
0
0
0
0
0
0
0
0
0
0
0
0
0
0
0
0
0
0
0
0
0
0
0
0
0
0
0
0
0
0
0
0
0
0
0
0
0
0
0
0
0
0
0
0
0
0
0
0
0
0
0
0
0
0
0
0
0
0
C:\Users\proro\Downloads\Barns Courtney - Fire.mp3
1,98136645962733
6
2,15217391304348
6,52755905511811
1,39366515837104
2,36666666666667
5,87254901960784
4,06422018348624
1,74809160305344
3,12337662337662
1,34415584415584
4,22302158273381
4,66187050359712
1,54545454545455
2,46581196581197
3,83636363636364
3,96402877697842
3,33884297520661
2,26229508196721
3,50609756097561
5,36842105263158
3,4469696969697
7,88073394495413
4,25974025974026
3,61212121212121
4,0974025974026
5,80606060606061
6,41726618705036
8,86619718309859
6,05194805194805
8,14935064935065
0,836826347305389
0,793741109530583
0,479498861047836
1,45319465081724
1,78673835125448
0
0
0
0
0
0
0
0
0
0
0
0
0
0
0
0
0
0
0
0
0
0
0
0
0
0
0
0
0
0
0
0
0
0
0
0
0
0
0
0
0
0
0
0
0
0
0
0
0
0
0
0
0
0
0
0
0
0
0
0
0
0
0
0
0
0
0
0
0
0
0
0
0
0
0
0
0
0
0
0
0
0
0
0
0
0
0
0
0
0
0
0
0
0
0
0
0
0
0
0
0
0
0
0
0
0
0
0
0
0
0
0
0
0
C:\Users\proro\Downloads\Barns Courtney - Fire.mp3
1,98136645962733
3,09223300970874
2,04334365325077
4,67716535433071
3,75113122171946
2,56666666666667
2,87254901960784
10,1525423728814
3,09923664122137
2
2,78571428571429
3,81168831168831
2,75641025641026
1,43636363636364
4,15107913669065
3,5819209039548
4,61475409836066
1,75609756097561
3,77631578947368
4,34848484848485
1,30275229357798
3,4469696969697
5,20606060606061
4,88311688311688
2,54700854700855
4,53956834532374
6,74647887323944
7,45454545454545
8,17532467532468
1,39520958083832
1,31551362683438
0,636674259681093
0,829123328380386
0,511543134872418
1,12623274161736
1,77554744525547
2,59287531806616
0
0
0
0
0
0
0
0
0
0
0
0
0
0
0
0
0
0
0
0
0
0
0
0
0
0
0
0
0
0
0
0
0
0
0
0
0
0
0
0
0
0
0
0
0
0
0
0
0
0
0
0
0
0
0
0
0
0
0
0
0
0
0
0
0
0
0
0
0
0
0
0
0
0
0
0
0
0
0
0
0
0
0
0
0
0
0
0
0
0
0
0
0
0
0
0
0
0
0
0
0
0
0
0
0
0
0
0
0
0
0
0
0
C:\Users\proro\Downloads\Barns Courtney - Sinners.mp3
2
6,68
1,78985507246377
0,306451612903226
6,33333333333333
1,38532110091743
1,52380952380952
1,61290322580645
1,11818181818182
1,87671232876712
2,72477064220183
3,07258064516129
0,507783543365456
0,103969754253308
5,01675977653631
1,59641255605381
2,44948755490483
3,99189189189189
2,5712
1,67153284671533
1,466796875
2,28932038834951
3,33856502242152
2,61639344262295
0,966755319148936
3,23055555555556
2,61132075471698
0,751233958538993
3,53541076487252
4,41991341991342
4,43543543543544
2,29924242424242
1,80459770114943
0
0
0
0
0
0
0
0
0
0
0
0
0
0
0
0
0
0
0
0
0
0
0
0
0
0
0
0
0
0
0
0
0
0
0
0
0
0
0
0
0
0
0
0
0
0
0
0
0
0
0
0
0
0
0
0
0
0
0
0
0
0
0
0
0
0
0
0
0
0
0
0
0
0
0
0
0
0
0
0
0
0
0
0
0
0
0
0
0
0
0
0
0
0
0
0
0
0
0
0
0
0
0
0
0
0
0
0
0
0
0
0
0
0
0
0
0
C:\Users\proro\Downloads\Imagine Dragons - Bullet In A Gun.mp3
1,93271461716937
14,0677966101695
5,37777777777778
1,10135135135135
1,10215053763441
14,0677966101695
15,078431372549
2,21325648414986
1,16095890410959
1,90322580645161
4,92966360856269
4,0855614973262
2,92136752136752
2,80707395498392
2,25
5,13513513513514
4,25647668393782
4,36070381231672
2,68571428571429
2,79725085910653
1,95879120879121
4,47905759162304
1,86896551724138
3,97814207650273
1,84309623430962
5,22789115646258
4,62269129287599
5,41254125412541
1,2
2,40878378378378
4,88414634146341
4,30555555555556
1,73318385650224
0
0
0
0
0
0
0
0
0
0
0
0
0
0
0
0
0
0
0
0
0
0
0
0
0
0
0
0
0
0
0
0
0
0
0
0
0
0
0
0
0
0
0
0
0
0
0
0
0
0
0
0
0
0
0
0
0
0
0
0
0
0
0
0
0
0
0
0
0
0
0
0
0
0
0
0
0
0
0
0
0
0
0
0
0
0
0
0
0
0
0
0
0
0
0
0
0
0
0
0
0
0
0
0
0
0
0
0
0
0
0
0
0
0
0
0
0
C:\Users\proro\Downloads\Wintergatan - Marble Machine.mp3
3,40686274509804
2,11152416356877
1,86764705882353
1,19178082191781
2,81372549019608
2,18232044198895
1,04371584699454
3,52417794970986
1,84757118927973
9,44078947368421
2,98336798336798
4,97445255474453
3,39263803680982
2,11434511434511
10,5238095238095
2,00115207373272
8,76829268292683
2,42504743833017
1,89033457249071
2,37158469945355
3,18457943925234
8,10552763819095
3,27829313543599
10,3381294964029
2,99257884972171
1,55981595092025
1,24806201550388
1,68153846153846
2,05
5,27124183006536
3,90810810810811
1,90443686006826
2,23312883435583
3,52535496957404
0
0
0
0
0
0
0
0
0
0
0
0
0
0
0
0
0
0
0
0
0
0
0
0
0
0
0
0
0
0
0
0
0
0
0
0
0
0
0
0
0
0
0
0
0
0
0
0
0
0
0
0
0
0
0
0
0
0
0
0
0
0
0
0
0
0
0
0
0
0
0
0
0
0
0
0
0
0
0
0
0
0
0
0
0
0
0
0
0
0
0
0
0
0
0
0
0
0
0
0
0
0
0
0
0
0
0
0
0
0
0
0
0
0
0
0
C:\Users\proro\Downloads\Tonebox - System Error.mp3
3,73743016759777
4,51181102362205
3,140625
1,30769230769231
0,143114311431143
0,113304093567251
0,501742160278746
1,75
0,727272727272727
3,40189125295508
1,90568475452196
1,40415019762846
8,07432432432432
4,53571428571429
2,8
12,5555555555556
7,83458646616541
0
0
0
0
0
0
0
0
0
0
0
0
0
0
0
0
0
0
0
0
0
0
0
0
0
0
0
0
0
0
0
0
0
0
0
0
0
0
0
0
0
0
0
0
0
0
0
0
0
0
0
0
0
0
0
0
0
0
0
0
0
0
0
0
0
0
0
0
0
0
0
0
0
0
0
0
0
0
0
0
0
0
0
0
0
0
0
0
0
0
0
0
0
0
0
0
0
0
0
0
0
0
0
0
0
0
0
0
0
0
0
0
0
0
0
0
0
0
0
0
0
0
0
0
0
0
0
0
0
0
0
0
0
C:\Users\proro\Downloads\Tonebox - System Error.mp3
3,73743016759777
3,140625
1,68595041322314
0,609195402298851
0,617529880478088
0,252025202520252
0,184210526315789
2,38602329450915
13,4090909090909
4,76510067114094
2,82505910165485
0,397932816537468
1,15437003405221
1,02865612648221
1,17557251908397
1,5748502994012
1,99107142857143
1,2
1,38271604938272
1,1203007518797
2
0
0
0
0
0
0
0
0
0
0
0
0
0
0
0
0
0
0
0
0
0
0
0
0
0
0
0
0
0
0
0
0
0
0
0
0
0
0
0
0
0
0
0
0
0
0
0
0
0
0
0
0
0
0
0
0
0
0
0
0
0
0
0
0
0
0
0
0
0
0
0
0
0
0
0
0
0
0
0
0
0
0
0
0
0
0
0
0
0
0
0
0
0
0
0
0
0
0
0
0
0
0
0
0
0
0
0
0
0
0
0
0
0
0
0
0
0
0
0
0
0
0
0
0
0
0
0
0
0
C:\Users\proro\Downloads\Barns Courtney - Sinners.mp3
2
6,68
1,91472868217054
0,306451612903226
4,94791666666667
1,38532110091743
1,52380952380952
1,33695652173913
1,24545454545455
4,06849315068493
10,780487804878
1,01834862385321
3,91129032258065
1,4566098945661
1,34593572778828
4,6731843575419
1,94102228047182
1,53733528550512
3,25885558583106
1,00528401585205
2,0146252285192
2,908203125
1,5495145631068
1,98878923766816
4,97008547008547
1,84287616511318
3,06451612903226
1,4171322160149
2,82386363636364
6,08780487804878
3,1063829787234
3,80970149253731
4,22988505747126
0
0
0
0
0
0
0
0
0
0
0
0
0
0
0
0
0
0
0
0
0
0
0
0
0
0
0
0
0
0
0
0
0
0
0
0
0
0
0
0
0
0
0
0
0
0
0
0
0
0
0
0
0
0
0
0
0
0
0
0
0
0
0
0
0
0
0
0
0
0
0
0
0
0
0
0
0
0
0
0
0
0
0
0
0
0
0
0
0
0
0
0
0
0
0
0
0
0
0
0
0
0
0
0
0
0
0
0
0
0
0
0
0
0
0
0
0
C:\Users\proro\Downloads\Barns Courtney - Glitter & Gold (2).mp3
1,51815642458101
1,61892130857648
1,05695611577965
1,50635208711434
1,17538461538462
1,29327902240326
1,0036496350365
2,18382352941176
2,13929618768328
2,36416184971098
1,68729281767956
1,29114971050455
2,78879310344828
2,12810707456979
1,60515873015873
1,79910714285714
1,54747774480712
1,77871443624868
1,58333333333333
1,62453531598513
1,33982300884956
1,41785375118708
2,24375
1,4149855907781
1,7070938215103
2,74164133738602
1,3816199376947
1,00979325353645
7,4037558685446
1,63028515240905
1,58357771260997
1,3623046875
1,13904338153504
1,07515657620042
1,46787330316742
1,13653483992467
0,839126919967664
2,83457249070632
2,01026225769669
1,10832587287377
0
0
0
0
0
0
0
0
0
0
0
0
0
0
0
0
0
0
0
0
0
0
0
0
0
0
0
0
0
0
0
0
0
0
0
0
0
0
0
0
0
0
0
0
0
0
0
0
0
0
0
0
0
0
0
0
0
0
0
0
0
0
0
0
0
0
0
0
0
0
0
0
0
0
0
0
0
0
0
0
0
0
0
0
0
0
0
0
0
0
0
0
0
0
0
0
0
0
0
0
0
0
0
0
0
0
0
0
0
0
C:\Users\proro\Downloads\Alan Walker - Faded.mp3
1,16746411483254
1,04784688995215
1,16746411483254
1,16267942583732
1,11961722488038
1,125
1,68
1,65789473684211
1,50857142857143
1,38461538461538
1,36123348017621
1,27049180327869
1,12340425531915
1,31363636363636
1,23076923076923
1,25757575757576
0,995744680851064
1,44347826086957
1,00434782608696
1,41304347826087
7,38235294117647
6,65753424657534
4,40923076923077
2,54545454545455
3,17718940936864
1,30018416206262
2,8578811369509
1,45354645354645
1,0544267053701
4,45679012345679
1,03525046382189
1,02100456621005
0
0
0
0
0
0
0
0
0
0
0
0
0
0
0
0
0
0
0
0
0
0
0
0
0
0
0
0
0
0
0
0
0
0
0
0
0
0
0
0
0
0
0
0
0
0
0
0
0
0
0
0
0
0
0
0
0
0
0
0
0
0
0
0
0
0
0
0
0
0
0
0
0
0
0
0
0
0
0
0
0
0
0
0
0
0
0
0
0
0
0
0
0
0
0
0
0
0
0
0
0
0
0
0
0
0
0
0
0
0
0
0
0
0
0
0
0
0
C:\Users\proro\Downloads\Alan Walker - Faded.mp3
1,16746411483254
1,04784688995215
1,16746411483254
1,16746411483254
1,125
1,33714285714286
1,54736842105263
1,8
1,26923076923077
1,26872246696035
1,27049180327869
1,31489361702128
1,17424242424242
1,22649572649573
1,09469696969697
1,22553191489362
1,44347826086957
1,01739130434783
1,44347826086957
1,13235294117647
1,48401826484018
4,53230769230769
3,3986013986014
2,20366598778004
1,33333333333333
2,82170542635659
1,56
1,08442056792018
3,41358024691358
1,34972170686456
1,32694063926941
0
0
0
0
0
0
0
0
0
0
0
0
0
0
0
0
0
0
0
0
0
0
0
0
0
0
0
0
0
0
0
0
0
0
0
0
0
0
0
0
0
0
0
0
0
0
0
0
0
0
0
0
0
0
0
0
0
0
0
0
0
0
0
0
0
0
0
0
0
0
0
0
0
0
0
0
0
0
0
0
0
0
0
0
0
0
0
0
0
0
0
0
0
0
0
0
0
0
0
0
0
0
0
0
0
0
0
0
0
0
0
0
0
0
0
0
0
0
0
C:\Users\proro\Downloads\Alan Walker - Faded (Slowed Version).mp3
1,10732538330494
3,58558558558559
7,86754966887417
1,17218543046358
1,15789473684211
1,26490066225166
1,6953642384106
1,71333333333333
1,33858267716535
1,09448818897638
1,3695652173913
1,50393700787402
1,38666666666667
1,36585365853659
1,51449275362319
1,50943396226415
1,73913043478261
0,994082840236686
1,50943396226415
1,02941176470588
6,52095808383234
5,25850340136054
7,22666666666667
0
0
0
0
0
0
0
0
0
0
0
0
0
0
0
0
0
0
0
0
0
0
0
0
0
0
0
0
0
0
0
0
0
0
0
0
0
0
0
0
0
0
0
0
0
0
0
0
0
0
0
0
0
0
0
0
0
0
0
0
0
0
0
0
0
0
0
0
0
0
0
0
0
0
0
0
0
0
0
0
0
0
0
0
0
0
0
0
0
0
0
0
0
0
0
0
0
0
0
0
0
0
0
0
0
0
0
0
0
0
0
0
0
0
0
0
0
0
0
0
0
0
0
0
0
0
0
C:\Users\proro\Downloads\plenka - Nightmare.mp3
1,11428571428571
1,05555555555556
1,08333333333333
1,13571428571429
1,24703557312253
1,29032258064516
1,17929910350448
1,05954323001631
1,22632575757576
1,02931854199683
1,08915054667788
1,30116648992577
1,09714285714286
0,955102040816327
1,02270577105014
1,61970074812968
1,55747836835599
1,05049594229035
1,2615859938208
1,09350649350649
1,06045340050378
1,11428571428571
1,37284234752589
1,23131046613896
1,0839445802771
1,25099206349206
1,27150259067358
1,15986099044309
1,48106904231626
1,05500450856628
1,05714285714286
1,54268292682927
1,42931392931393
1,09068010075567
1,03953279424978
1,14399293286219
1,29480381760339
1,25748502994012
0
0
0
0
0
0
0
0
0
0
0
0
0
0
0
0
0
0
0
0
0
0
0
0
0
0
0
0
0
0
0
0
0
0
0
0
0
0
0
0
0
0
0
0
0
0
0
0
0
0
0
0
0
0
0
0
0
0
0
0
0
0
0
0
0
0
0
0
0
0
0
0
0
0
0
0
0
0
0
0
0
0
0
0
0
0
0
0
0
0
0
0
0
0
0
0
0
0
0
0
0
0
0
0
0
0
0
0
0
0
0
0
C:\Users\proro\Downloads\N o m i n a l - EVERYDAY ANYONE.mp3
1,42748091603053
1,82378854625551
1,95575221238938
1,09777777777778
2,00888888888889
1,65546218487395
1,25641025641026
1,33050847457627
0,477203647416413
1,43600867678959
2,84758364312268
4,09523809523809
1,43103448275862
3,85281385281385
2,3304347826087
2,04724409448819
2,02040816326531
5,13245033112583
2,30392156862745
1,73469387755102
1,33684210526316
0,92741935483871
0,87037037037037
7
2,56310679611651
1,68571428571429
1,09574468085106
3,82634730538922
1,83606557377049
1,58762886597938
1,64646464646465
2,04950495049505
0
0
0
0
0
0
0
0
0
0
0
0
0
0
0
0
0
0
0
0
0
0
0
0
0
0
0
0
0
0
0
0
0
0
0
0
0
0
0
0
0
0
0
0
0
0
0
0
0
0
0
0
0
0
0
0
0
0
0
0
0
0
0
0
0
0
0
0
0
0
0
0
0
0
0
0
0
0
0
0
0
0
0
0
0
0
0
0
0
0
0
0
0
0
0
0
0
0
0
0
0
0
0
0
0
0
0
0
0
0
0
0
0
0
0
0
0
0
C:\Users\proro\Downloads\Laszlo - Supernova.mp3
1,05104408352668
1,21808510638298
1,54453781512605
1,47787610619469
1,0604710375557
1,71281571562208
1,61938325991189
1,51672240802676
1,12393681652491
1,34042553191489
1,71936389148737
1,53678929765886
1,08798972382787
1,87667009249743
1,6113074204947
1,2731673582296
1,10820668693009
1,7245632065776
1,27773949000689
1,57228400342173
1,19960861056751
1,70739219712526
1,60881057268722
1,47020933977456
1,89003083247688
1,63318385650224
1,08048937540245
1,19178082191781
1,88900308324769
1,64932735426009
1,38244766505636
1,12484700122399
1,88900308324769
1,14239690721649
1,23093841642229
1,1816976127321
1,13357843137255
1,04905875641757
0,959466962798445
0
0
0
0
0
0
0
0
0
0
0
0
0
0
0
0
0
0
0
0
0
0
0
0
0
0
0
0
0
0
0
0
0
0
0
0
0
0
0
0
0
0
0
0
0
0
0
0
0
0
0
0
0
0
0
0
0
0
0
0
0
0
0
0
0
0
0
0
0
0
0
0
0
0
0
0
0
0
0
0
0
0
0
0
0
0
0
0
0
0
0
0
0
0
0
0
0
0
0
0
0
0
0
0
0
0
0
0
0
0
0
C:\Users\proro\Downloads\Laszlo - Supernova.mp3
1,2228875582169
1,54324097397145
1,46500402252615
1,1546785486951
1,70813844714687
1,58039552880482
1,47987117552335
1,09720534629405
1,23184152604549
1,73058933582788
1,47101449275362
1,16995544239338
1,88386433710175
1,57007738607051
1,27109266943292
1,89208633093525
1,25568573397657
1,55016722408027
1,16995544239338
1,7156220767072
1,40877796901893
1,2627939142462
1,88900308324769
1,64695340501792
1,1281390856407
1,1072575465639
1,70907390084191
1,62367491166078
1,27109266943292
1,62795477903392
1,13557213930348
1,31192005710207
1,21802518223989
1,08639705882353
1,05533371363377
1,02109938922821
0
0
0
0
0
0
0
0
0
0
0
0
0
0
0
0
0
0
0
0
0
0
0
0
0
0
0
0
0
0
0
0
0
0
0
0
0
0
0
0
0
0
0
0
0
0
0
0
0
0
0
0
0
0
0
0
0
0
0
0
0
0
0
0
0
0
0
0
0
0
0
0
0
0
0
0
0
0
0
0
0
0
0
0
0
0
0
0
0
0
0
0
0
0
0
0
0
0
0
0
0
0
0
0
0
0
0
0
0
0
0
0
0
0
C:\Users\proro\Downloads\Imagine Dragons - Bleeding Out.mp3
1,57835820895522
1,55223880597015
2,10074626865672
1,04830917874396
1,08617234468938
0,620199146514936
1,51552795031056
3,92605633802817
2,46788990825688
1,64893617021277
2,78373015873016
2,97115384615385
2,80294659300184
2,26303317535545
2,07972665148064
1,1118760757315
0,64
1,06340956340956
1,63884673748103
2,81512605042017
2,74561403508772
2,08656036446469
0,51638418079096
1,5828125
2,45398773006135
1,47657512116317
3,5513698630137
2,21011673151751
1,45120226308345
0
0
0
0
0
0
0
0
0
0
0
0
0
0
0
0
0
0
0
0
0
0
0
0
0
0
0
0
0
0
0
0
0
0
0
0
0
0
0
0
0
0
0
0
0
0
0
0
0
0
0
0
0
0
0
0
0
0
0
0
0
0
0
0
0
0
0
0
0
0
0
0
0
0
0
0
0
0
0
0
0
0
0
0
0
0
0
0
0
0
0
0
0
0
0
0
0
0
0
0
0
0
0
0
0
0
0
0
0
0
0
0
0
0
0
0
0
0
0
0
0
C:\Users\proro\Downloads\Imagine Dragons - Demons.mp3
10,6206896551724
1,34599728629579
1,85876623376623
1,02411873840445
7,69230769230769
1,51388888888889
1,56974459724951
2,46246246246246
2,51336898395722
1,51336898395722
3,727969348659
0,479438314944835
2,09742647058824
3,41780821917808
1,43356643356643
1,04387990762125
2,26205450733753
1,75096525096525
1,15184049079755
1,18060200668896
1,13851351351351
3,48695652173913
1,88285714285714
3,1974921630094
1,19646799116998
1,29450915141431
3,38728323699422
3,06647398843931
3,165625
2,06263048016701
2,95940959409594
1,29139072847682
0
0
0
0
0
0
0
0
0
0
0
0
0
0
0
0
0
0
0
0
0
0
0
0
0
0
0
0
0
0
0
0
0
0
0
0
0
0
0
0
0
0
0
0
0
0
0
0
0
0
0
0
0
0
0
0
0
0
0
0
0
0
0
0
0
0
0
0
0
0
0
0
0
0
0
0
0
0
0
0
0
0
0
0
0
0
0
0
0
0
0
0
0
0
0
0
0
0
0
0
0
0
0
0
0
0
0
0
0
0
0
0
0
0
0
0
0
0
C:\Users\proro\Downloads\Imagine Dragons - Bleeding Out.mp3
1,55597014925373
2,10074626865672
1,63059701492537
1,30602409638554
0,87374749498998
1,38833570412518
2,93348623853211
3,7887323943662
2,13302752293578
2,48758865248227
2,45238095238095
3,49082568807339
1,68661417322835
2,42175066312997
1,54739336492891
1,49886104783599
1,76075731497418
1,12734864300626
1,04469854469854
1,89984825493171
2,44266666666667
1,00219298245614
1,8485401459854
1,35593220338983
1,428125
1,96401515151515
1,5664
5,00684931506849
2,20233463035019
0
0
0
0
0
0
0
0
0
0
0
0
0
0
0
0
0
0
0
0
0
0
0
0
0
0
0
0
0
0
0
0
0
0
0
0
0
0
0
0
0
0
0
0
0
0
0
0
0
0
0
0
0
0
0
0
0
0
0
0
0
0
0
0
0
0
0
0
0
0
0
0
0
0
0
0
0
0
0
0
0
0
0
0
0
0
0
0
0
0
0
0
0
0
0
0
0
0
0
0
0
0
0
0
0
0
0
0
0
0
0
0
0
0
0
0
0
0
0
0
0
C:\Users\proro\Downloads\Karavelo - Magic Radio.mp3
1,12121212121212
1,97368421052632
1,5
3,70149253731343
1,12121212121212
16,8208955223881
1,11940298507463
3,94845360824742
1,25862068965517
0,690082644628099
3,91156462585034
11,8673469387755
0,808429118773946
11,9466666666667
13,1573033707865
17,4776119402985
3,16804407713499
9,63716814159292
3,68965517241379
14,7162162162162
2,12362637362637
2,34059405940594
3,46449704142012
2,61968680089485
1,00223713646532
5,13812154696133
1,32995658465991
1,95688456189152
1,04492753623188
1,56606397774687
1,7959479015919
1,83181225554107
3,38251366120219
0
0
0
0
0
0
0
0
0
0
0
0
0
0
0
0
0
0
0
0
0
0
0
0
0
0
0
0
0
0
0
0
0
0
0
0
0
0
0
0
0
0
0
0
0
0
0
0
0
0
0
0
0
0
0
0
0
0
0
0
0
0
0
0
0
0
0
0
0
0
0
0
0
0
0
0
0
0
0
0
0
0
0
0
0
0
0
0
0
0
0
0
0
0
0
0
0
0
0
0
0
0
0
0
0
0
0
0
0
0
0
0
0
0
0
0
0
C:\Users\proro\Downloads\Epidemic Sound - Secure The Beat 2.mp3
1,66923076923077
1,16051364365971
1,36850393700787
1,0214899713467
1,22535211267606
1,0449141347424
0,985155195681511
1,52247191011236
1,50069156293223
1,20617110799439
1,07509386733417
1,69772727272727
2,55528846153846
2,16477272727273
1,54706684856753
1,34308510638298
0,873706004140787
1,30048076923077
1,09305210918114
1,15482233502538
1,0064620355412
1,00656814449918
1,36700336700337
1,03482587064677
2,20465890183028
1,59003215434084
1,1051724137931
1,50490196078431
1,85488958990536
1,58741258741259
1,0758226037196
1,05991440798859
0,870036101083033
1,16081081081081
1,49386084583902
1,35180055401662
1,66459627329193
1,20193637621024
0
0
0
0
0
0
0
0
0
0
0
0
0
0
0
0
0
0
0
0
0
0
0
0
0
0
0
0
0
0
0
0
0
0
0
0
0
0
0
0
0
0
0
0
0
0
0
0
0
0
0
0
0
0
0
0
0
0
0
0
0
0
0
0
0
0
0
0
0
0
0
0
0
0
0
0
0
0
0
0
0
0
0
0
0
0
0
0
0
0
0
0
0
0
0
0
0
0
0
0
0
0
0
0
0
0
0
0
0
0
0
0
C:\Users\proro\Downloads\The Score - Miracle.mp3
3,05191256830601
0,936708860759494
2,21428571428571
2,57333333333333
2,01694915254237
2,11358574610245
1,20820668693009
3,53475935828877
2,31800766283525
1,66802721088435
1,06
2,8955223880597
2,21675774134791
1,77512776831346
1,01289134438306
0,544943820224719
0,953890489913545
0,880184331797235
2,18663303909206
1,12394603709949
1,56297709923664
1,60886319845857
1,48054474708171
1,17290836653386
1,53868194842407
1,16783216783217
1,10179640718563
2,20316622691293
1,58631578947368
1,53215859030837
1,25187406296852
1,27470817120623
1,99513381995134
1,77277379733879
0
0
0
0
0
0
0
0
0
0
0
0
0
0
0
0
0
0
0
0
0
0
0
0
0
0
0
0
0
0
0
0
0
0
0
0
0
0
0
0
0
0
0
0
0
0
0
0
0
0
0
0
0
0
0
0
0
0
0
0
0
0
0
0
0
0
0
0
0
0
0
0
0
0
0
0
0
0
0
0
0
0
0
0
0
0
0
0
0
0
0
0
0
0
0
0
0
0
0
0
0
0
0
0
0
0
0
0
0
0
0
0
0
0
0
0
C:\Users\proro\Downloads\Jeremy Renner - Main Attraction.mp3
3,29471032745592
1,06211936662607
1,25893958076449
1,02571041948579
2,01892744479495
1,7037037037037
3,22332506203474
1,01076716016151
1,4070796460177
1,18429487179487
1,60078023407022
1,54664179104478
1,4018018018018
1,33333333333333
2,22262118491921
1,74814814814815
1,76923076923077
1,10554561717352
2,54277286135693
1,63297872340426
1,09140767824497
1,55779816513761
2,6843910806175
2,00863930885529
6,67175572519084
10,9037037037037
1,32268370607029
1,63427109974425
1,32582322357019
1,65826771653543
0,977161500815661
1,26465028355388
1,45161290322581
0
0
0
0
0
0
0
0
0
0
0
0
0
0
0
0
0
0
0
0
0
0
0
0
0
0
0
0
0
0
0
0
0
0
0
0
0
0
0
0
0
0
0
0
0
0
0
0
0
0
0
0
0
0
0
0
0
0
0
0
0
0
0
0
0
0
0
0
0
0
0
0
0
0
0
0
0
0
0
0
0
0
0
0
0
0
0
0
0
0
0
0
0
0
0
0
0
0
0
0
0
0
0
0
0
0
0
0
0
0
0
0
0
0
0
0
0
C:\Users\proro\Downloads\Goldspot Productions - Happen.mp3
1,09715639810427
1,09411764705882
1,12368421052632
1,21465968586387
1,09952606635071
1,11609498680739
1,04988123515439
1,12137203166227
1,09952606635071
1,02415458937198
1,0377358490566
1,09952606635071
1,04491725768322
1,10994764397906
1,04976303317536
1,20779220779221
1,09692671394799
1,15104166666667
1,20779220779221
1,1016548463357
1,11227154046997
1,11320754716981
1,11807228915663
1,10189573459716
1,09715639810427
1,09647058823529
1,22105263157895
1,13414634146341
1,22774869109948
2,08144796380091
1,05250596658711
2,3806146572104
2,13559322033898
2,36705882352941
1,63004846526656
0
0
0
0
0
0
0
0
0
0
0
0
0
0
0
0
0
0
0
0
0
0
0
0
0
0
0
0
0
0
0
0
0
0
0
0
0
0
0
0
0
0
0
0
0
0
0
0
0
0
0
0
0
0
0
0
0
0
0
0
0
0
0
0
0
0
0
0
0
0
0
0
0
0
0
0
0
0
0
0
0
0
0
0
0
0
0
0
0
0
0
0
0
0
0
0
0
0
0
0
0
0
0
0
0
0
0
0
0
0
0
0
0
0
0
